8987
1000
19
20
20
20
20
20
20
20
20
20
20
20
20
20
20
20
20
20
20
20
20
20
20
20
20
20
20
20
20
20
20
20
20
20
20
20
20
20
20
20
20
20
20
20
20
20
20
20
20
20
21
21
21
21
21
21
21
21
21
21
21
21
21
21
21
21
21
21
21
21
21
21
21
21
21
21
21
21
21
21
21
21
21
21
21
21
21
21
21
21
21
21
21
21
21
21
22
22
22
22
22
22
22
22
22
22
22
22
22
22
22
22
22
22
22
22
22
22
22
22
22
22
22
22
22
22
22
22
22
22
22
22
22
22
22
22
22
22
22
22
22
22
22
22
22
22
22
22
23
23
23
23
23
23
23
23
23
23
23
23
23
23
23
23
23
23
23
23
23
23
23
23
23
23
23
23
23
23
23
23
23
23
23
23
23
24
24
24
24
24
24
24
24
24
24
24
24
24
24
24
24
24
24
24
24
24
24
24
24
24
24
24
24
24
24
24
24
24
24
24
24
24
24
25
25
25
25
25
25
25
25
25
25
25
25
25
25
25
25
25
25
25
25
25
25
25
25
25
25
25
25
25
25
25
25
26
26
26
26
26
26
26
26
26
26
26
26
26
26
26
26
26
26
26
26
26
26
26
26
26
26
27
27
27
27
27
27
27
27
27
27
27
27
27
27
27
27
27
27
27
27
27
27
27
27
28
28
28
28
28
28
28
28
28
28
28
28
28
28
28
28
28
28
28
28
28
28
28
28
28
28
28
28
28
28
29
29
29
29
29
29
29
29
29
29
29
29
29
29
29
29
29
29
29
29
29
30
30
30
30
30
30
30
30
30
30
30
30
30
30
30
30
30
30
30
30
30
30
30
30
30
30
30
30
30
30
30
30
30
30
30
30
30
30
30
30
30
30
31
31
31
31
31
31
31
31
31
31
31
31
31
32
32
32
32
32
32
32
32
32
32
32
32
32
32
32
32
32
32
32
32
32
32
33
33
33
33
33
33
33
33
33
33
33
33
33
33
33
33
33
33
33
33
33
34
34
34
34
34
34
34
34
34
34
34
34
34
34
34
34
34
34
34
34
34
35
35
35
35
35
35
35
35
35
35
35
35
35
35
35
35
36
36
36
36
36
36
36
36
36
36
36
37
37
37
37
37
37
37
37
37
37
38
38
38
38
38
38
38
38
38
38
38
38
38
38
38
38
39
39
39
39
39
39
39
39
39
40
40
40
40
40
40
40
40
40
40
40
40
40
40
40
41
41
41
41
41
41
41
41
41
41
41
41
41
41
41
41
41
42
42
42
42
42
42
42
42
42
43
43
43
43
43
43
43
43
43
43
43
44
44
44
44
44
44
44
44
44
44
45
45
45
45
45
45
45
45
45
45
45
45
45
45
46
46
46
46
46
46
47
47
47
47
47
47
47
47
48
48
48
48
48
48
48
48
48
49
49
49
49
49
49
50
50
50
50
50
50
50
50
50
50
50
51
51
51
51
51
52
52
52
52
52
52
52
52
52
52
53
53
53
53
53
53
53
53
53
53
54
55
55
55
55
55
55
55
56
56
56
56
56
56
56
57
57
57
57
57
58
58
58
58
58
59
59
59
59
59
59
59
59
60
60
60
60
61
61
61
61
61
62
62
62
62
62
62
62
62
63
63
63
63
63
64
64
65
65
65
65
65
65
66
66
66
66
66
67
67
67
67
67
67
68
68
69
69
69
70
70
70
70
71
71
71
72
72
72
73
73
73
73
74
74
74
75
75
75
75
76
76
76
76
77
77
78
78
78
78
78
79
79
79
79
79
79
80
81
81
81
82
82
82
82
83
83
84
84
85
86
87
87
87
87
88
88
89
89
90
90
90
90
91
91
91
92
92
92
93
93
93
93
93
94
94
94
95
96
96
97
98
98
98
98
98
98
100
100
101
101
102
103
103
104
104
104
104
105
105
106
108
109
110
111
111
113
114
114
114
114
115
117
118
118
119
120
121
122
122
123
123
123
123
124
126
128
128
128
129
130
130
131
134
135
136
136
139
141
141
141
141
142
143
145
145
145
147
150
153
157
157
159
160
160
163
165
172
178
179
180
180
181
185
185
186
187
189
202
207
208
210
210
214
215
220
223
224
226
229
244
244
245
246
248
252
252
254
256
260
260
267
268
270
271
284
287
289
293
301
304
314
316
320
323
340
342
358
371
384
418
433
438
439
440
503
570
595
601
644
664
665
668
672
725
747
762
824
841
869
923
1043
1306
1309
1418
1424
3287
3339
3685
3758
6608
6613
